image_width: 1920
image_height: 1216
camera_name: left
camera_matrix:
  rows: 3
  cols: 3
  data: [796.18995,   0.     , 966.76932,
           0.     , 796.37419, 611.92448,
           0.     ,   0.     ,   1.     ]
distortion_model: plumb_bob
distortion_coefficients:
  rows: 1
  cols: 5
  data: [0.006360, -0.028193, 0.000256, 0.000209, 0.009507]
rectification_matrix:
  rows: 3
  cols: 3
  data: [1., 0., 0.,
         0., 1., 0.,
         0., 0., 1.]
projection_matrix:
  rows: 3
  cols: 4
  data: [778.37555,   0.     , 967.12378,   0.     ,
           0.     , 792.46851, 611.86727,   0.     ,
           0.     ,   0.     ,   1.     ,   0.     ]
