image_width: 1920
image_height: 1216
camera_name: right
camera_matrix:
  rows: 3
  cols: 3
  data: [793.19362,   0.     , 980.86253,
           0.     , 793.19297, 612.7907 ,
           0.     ,   0.     ,   1.     ]
distortion_model: plumb_bob
distortion_coefficients:
  rows: 1
  cols: 5
  data: [0.003823, -0.026666, 0.000175, -0.000076, 0.008774]
rectification_matrix:
  rows: 3
  cols: 3
  data: [1., 0., 0.,
         0., 1., 0.,
         0., 0., 1.]
projection_matrix:
  rows: 3
  cols: 4
  data: [772.7265 ,   0.     , 981.15114,   0.     ,
           0.     , 788.32788, 612.64852,   0.     ,
           0.     ,   0.     ,   1.     ,   0.     ]
